# unix_time, cycles_done, cur_path, paths_total, pending_total, pending_favs, map_size, unique_crashes, unique_hangs, max_depth, execs_per_sec
1522079609, 0, 0, 1, 1, 1, 0.55%, 0, 0, 1, 23.89
1522079619, 0, 0, 2, 2, 1, 0.56%, 2, 0, 2, 25.27
1522079624, 0, 0, 4, 4, 1, 0.57%, 3, 0, 2, 23.26
1522079675, 0, 0, 5, 5, 1, 0.57%, 6, 0, 2, 22.95
1522081252, 0, 0, 8, 8, 1, 0.59%, 14, 0, 2, 25.37
1522081267, 0, 0, 9, 9, 1, 0.59%, 15, 0, 2, 25.07
1522081272, 0, 0, 13, 13, 1, 0.60%, 19, 0, 2, 24.90
1522081277, 0, 0, 13, 13, 1, 0.60%, 25, 0, 2, 25.29
1522081287, 0, 0, 13, 13, 1, 0.60%, 27, 0, 2, 26.39
1522081293, 0, 0, 13, 13, 1, 0.60%, 28, 0, 2, 26.63
1522081298, 0, 0, 15, 15, 1, 0.60%, 29, 0, 2, 26.39
1522081303, 0, 0, 18, 18, 1, 0.61%, 38, 0, 2, 24.35
1522081308, 0, 0, 20, 20, 1, 0.61%, 42, 0, 2, 24.44
1522081318, 0, 0, 21, 21, 1, 0.61%, 43, 0, 2, 24.57
1522081324, 0, 0, 23, 23, 1, 0.62%, 45, 0, 2, 26.19
1522081334, 0, 0, 24, 24, 1, 0.63%, 48, 0, 2, 25.69
1522081339, 0, 0, 25, 25, 1, 0.63%, 51, 0, 2, 26.40
1522081344, 0, 0, 25, 25, 1, 0.63%, 55, 0, 2, 25.86
1522081354, 0, 0, 26, 26, 1, 0.64%, 55, 0, 2, 27.34
1522081365, 0, 0, 28, 28, 1, 0.64%, 55, 0, 2, 25.99
1522081370, 0, 0, 29, 29, 1, 0.65%, 55, 0, 2, 27.29
1522081380, 0, 0, 30, 30, 1, 0.65%, 55, 0, 2, 28.00
1522081385, 0, 0, 31, 31, 1, 0.65%, 56, 0, 2, 26.90
1522081396, 0, 0, 31, 31, 1, 0.65%, 57, 0, 2, 24.84
1522081406, 0, 0, 32, 32, 1, 0.65%, 57, 0, 2, 26.48
1522081416, 0, 0, 34, 34, 1, 0.67%, 57, 0, 2, 25.13
1522081431, 0, 0, 34, 34, 1, 0.67%, 58, 0, 2, 26.90
1522081437, 0, 0, 34, 34, 1, 0.67%, 62, 0, 2, 25.31
1522081447, 0, 0, 36, 36, 1, 0.69%, 62, 0, 2, 26.17
1522081452, 0, 0, 38, 38, 1, 0.69%, 69, 0, 2, 25.83
1522081457, 0, 0, 39, 39, 1, 0.70%, 76, 0, 2, 25.86
1522081472, 0, 0, 41, 41, 1, 0.70%, 77, 0, 2, 26.53
1522081477, 0, 0, 41, 41, 1, 0.70%, 80, 0, 2, 25.85
1522081482, 0, 0, 42, 42, 1, 0.70%, 81, 0, 2, 26.31
1522081487, 0, 0, 45, 45, 1, 0.71%, 85, 0, 2, 26.23
1522081493, 0, 0, 47, 47, 1, 0.72%, 85, 0, 2, 24.07
1522081498, 0, 0, 54, 54, 1, 0.76%, 85, 0, 2, 24.27
1522081503, 0, 0, 59, 59, 1, 0.78%, 85, 0, 2, 23.00
1522081508, 0, 0, 62, 62, 1, 0.79%, 85, 0, 2, 24.99
1522081523, 0, 0, 63, 63, 1, 0.79%, 85, 0, 2, 25.56
1522081528, 0, 0, 64, 64, 1, 0.79%, 85, 0, 2, 24.22
1522081549, 0, 0, 65, 65, 1, 0.79%, 85, 0, 2, 26.91
1522081574, 0, 0, 66, 66, 1, 0.79%, 86, 0, 2, 26.58
1522081620, 0, 0, 66, 66, 1, 0.79%, 87, 0, 2, 28.52
1522081625, 0, 0, 67, 67, 1, 0.80%, 87, 0, 2, 28.44
1522081666, 0, 0, 69, 69, 1, 0.80%, 87, 0, 2, 25.71
1522081707, 0, 0, 71, 71, 1, 0.80%, 88, 0, 2, 27.43
1522081712, 0, 0, 71, 71, 1, 0.80%, 91, 0, 2, 26.20
1522081717, 0, 0, 71, 71, 1, 0.80%, 93, 0, 2, 26.39
1522081722, 0, 0, 71, 71, 1, 0.80%, 94, 0, 2, 26.84
1522081727, 0, 0, 71, 71, 1, 0.80%, 95, 0, 2, 25.27
1522081830, 0, 0, 72, 72, 1, 0.81%, 95, 0, 2, 26.90
1522081840, 0, 0, 72, 72, 1, 0.81%, 97, 0, 2, 26.30
1522081876, 0, 0, 73, 73, 1, 0.81%, 97, 0, 2, 27.17
1522081881, 0, 0, 73, 73, 1, 0.81%, 98, 0, 2, 27.59
1522081937, 0, 0, 73, 73, 1, 0.81%, 99, 0, 2, 26.40
1522082055, 0, 0, 77, 77, 1, 0.82%, 101, 0, 2, 25.65
1522082060, 0, 0, 82, 82, 1, 0.83%, 101, 0, 2, 24.57
1522082065, 0, 0, 84, 84, 1, 0.84%, 105, 0, 2, 25.71
1522082070, 0, 0, 85, 85, 1, 0.84%, 107, 0, 2, 26.27
1522082076, 0, 0, 85, 85, 1, 0.84%, 111, 0, 2, 26.81
1522082081, 0, 1, 85, 84, 62, 0.84%, 112, 0, 2, 26.65
1522083482, 0, 1, 87, 86, 62, 0.84%, 112, 0, 3, 26.08
1522083497, 0, 1, 88, 87, 62, 0.84%, 112, 0, 3, 26.22
1522083513, 0, 1, 91, 90, 62, 0.85%, 112, 0, 3, 25.75
1522083554, 0, 1, 92, 91, 62, 0.85%, 112, 0, 3, 26.03
1522083559, 0, 1, 94, 93, 62, 0.86%, 112, 0, 3, 26.08
1522084457, 0, 1, 94, 93, 62, 0.86%, 113, 0, 3, 28.12
1522084462, 0, 1, 97, 96, 62, 0.87%, 114, 0, 3, 26.97
1522084467, 0, 1, 97, 96, 62, 0.87%, 118, 0, 3, 28.07
1522084472, 0, 1, 99, 98, 62, 0.87%, 119, 0, 3, 27.25
1522084477, 0, 1, 101, 100, 62, 0.88%, 121, 0, 3, 25.70
1522084483, 0, 1, 101, 100, 62, 0.88%, 123, 0, 3, 26.24
1522084488, 0, 1, 102, 101, 62, 0.88%, 124, 0, 3, 26.82
1522084493, 0, 1, 102, 101, 62, 0.88%, 125, 0, 3, 26.22
1522084498, 0, 1, 102, 101, 62, 0.88%, 127, 0, 3, 25.38
1522084503, 0, 1, 102, 101, 62, 0.88%, 128, 0, 3, 25.88
1522084508, 0, 1, 103, 102, 62, 0.88%, 130, 0, 3, 25.47
1522084513, 0, 1, 104, 103, 62, 0.89%, 132, 0, 3, 26.96
1522084518, 0, 1, 104, 103, 62, 0.89%, 133, 0, 3, 26.44
1522084523, 0, 1, 105, 104, 62, 0.89%, 135, 0, 3, 28.46
1522084533, 0, 1, 107, 106, 62, 0.89%, 135, 0, 3, 26.90
1522084539, 0, 1, 107, 106, 62, 0.89%, 136, 0, 3, 27.09
1522084554, 0, 1, 108, 107, 62, 0.89%, 136, 0, 3, 27.58
1522084559, 0, 1, 109, 108, 62, 0.89%, 137, 0, 3, 26.98
1522084564, 0, 1, 110, 109, 62, 0.89%, 138, 0, 3, 27.26
1522084569, 0, 1, 111, 110, 62, 0.89%, 138, 0, 3, 26.96
1522084574, 0, 1, 111, 110, 62, 0.89%, 140, 0, 3, 26.96
1522084584, 0, 1, 112, 111, 62, 0.90%, 143, 0, 3, 27.70
1522084589, 0, 1, 113, 112, 62, 0.90%, 144, 0, 3, 27.33
1522084595, 0, 1, 114, 113, 62, 0.90%, 145, 0, 3, 26.99
1522084605, 0, 1, 114, 113, 62, 0.90%, 146, 0, 3, 28.14
1522084615, 0, 1, 114, 113, 62, 0.90%, 147, 0, 3, 27.09
1522084620, 0, 1, 115, 114, 62, 0.90%, 147, 0, 3, 25.99
1522084626, 0, 1, 115, 114, 62, 0.90%, 148, 0, 3, 25.68
1522084631, 0, 1, 118, 117, 62, 0.91%, 148, 0, 3, 26.02
1522084641, 0, 1, 120, 119, 62, 0.92%, 148, 0, 3, 25.44
1522084646, 0, 1, 120, 119, 62, 0.92%, 149, 0, 3, 25.21
1522084651, 0, 1, 122, 121, 62, 0.92%, 149, 0, 3, 24.94
1522084656, 0, 1, 123, 122, 62, 0.92%, 150, 0, 3, 25.43
1522084666, 0, 1, 123, 122, 62, 0.92%, 151, 0, 3, 26.26
1522084672, 0, 1, 123, 122, 62, 0.92%, 152, 0, 3, 25.79
1522084677, 0, 1, 124, 123, 62, 0.92%, 153, 0, 3, 25.06
1522084687, 0, 1, 125, 124, 62, 0.93%, 153, 0, 3, 26.00
1522084692, 0, 1, 125, 124, 62, 0.93%, 156, 0, 3, 25.87
1522084697, 0, 1, 126, 125, 62, 0.93%, 157, 0, 3, 25.50
1522084717, 0, 2, 126, 124, 82, 0.93%, 157, 0, 3, 24.10
1522084900, 0, 2, 129, 127, 82, 0.94%, 157, 0, 3, 24.24
1522084905, 0, 2, 130, 128, 82, 0.94%, 157, 0, 3, 25.48
1522084916, 0, 2, 132, 130, 82, 0.94%, 157, 0, 3, 25.59
1522084926, 0, 2, 134, 132, 82, 0.95%, 157, 0, 3, 25.58
1522084931, 0, 2, 136, 134, 82, 0.96%, 157, 0, 3, 25.88
1522084936, 0, 2, 141, 139, 82, 0.97%, 157, 0, 3, 25.79
1522084941, 0, 2, 142, 140, 82, 1.00%, 157, 0, 3, 27.36
1522084946, 0, 2, 144, 142, 82, 1.00%, 157, 0, 3, 26.41
1522084951, 0, 2, 145, 143, 82, 1.00%, 157, 0, 3, 26.17
1522084956, 0, 2, 146, 144, 82, 1.02%, 157, 0, 3, 25.92
1522084962, 0, 2, 149, 147, 82, 1.04%, 157, 0, 3, 23.73
1522085487, 0, 2, 151, 149, 82, 1.05%, 157, 0, 3, 26.88
1522085492, 0, 2, 153, 151, 82, 1.06%, 157, 0, 3, 25.79
1522085497, 0, 2, 154, 152, 82, 1.07%, 157, 0, 3, 25.01
1522085639, 0, 2, 155, 153, 82, 1.07%, 157, 0, 3, 26.87
1522085645, 0, 2, 157, 155, 82, 1.07%, 157, 0, 3, 26.08
1522085650, 0, 2, 158, 156, 82, 1.08%, 157, 0, 3, 25.50
1522085701, 0, 2, 160, 158, 82, 1.09%, 157, 0, 3, 26.00
1522085706, 0, 2, 161, 159, 82, 1.09%, 157, 0, 3, 25.81
1522085736, 0, 2, 163, 161, 82, 1.09%, 157, 0, 3, 25.87
1522085741, 0, 2, 163, 161, 82, 1.09%, 158, 0, 3, 25.30
1522085762, 0, 2, 165, 163, 82, 1.10%, 158, 0, 3, 26.32
1522085767, 0, 2, 167, 165, 82, 1.11%, 158, 0, 3, 26.92
1522085772, 0, 2, 169, 167, 82, 1.11%, 158, 0, 3, 26.27
1522085777, 0, 2, 170, 168, 82, 1.11%, 158, 0, 3, 26.61
1522085812, 0, 2, 171, 169, 82, 1.12%, 158, 0, 3, 26.49
1522085864, 0, 2, 172, 170, 82, 1.13%, 159, 0, 3, 11.28
1522085874, 0, 2, 173, 171, 82, 1.13%, 159, 0, 3, 26.17
1522085910, 0, 2, 175, 173, 82, 1.13%, 159, 0, 3, 25.74
1522085941, 0, 2, 175, 173, 82, 1.13%, 160, 0, 3, 11.46
1522085987, 0, 2, 175, 173, 82, 1.13%, 161, 0, 3, 24.65
1522086044, 0, 2, 176, 174, 82, 1.13%, 161, 0, 3, 29.28
1522086064, 0, 2, 177, 175, 82, 1.13%, 161, 0, 3, 25.87
1522086069, 0, 2, 178, 176, 82, 1.14%, 161, 0, 3, 27.36
1522086131, 0, 2, 182, 180, 82, 1.14%, 161, 0, 3, 24.29
